locations    74
vehicles    5

999999    4.0    32.56    62.63    26.83    30.59    60.88    66.71    10.2    27.86    50.64    85.04    34.53    2.83    52.04    63.91    51.42    66.71    68.35    32.98    67.47    67.05    88.81    68.25    17.2    15.98    67.72    11.31    80.48    52.63    24.3    73.01    51.42    29.12    7.07    44.72    50.22    46.17    7.21    60.08    53.76    52.61    52.15    34.53    23.32    66.48    17.03    70.94    39.29    31.62    69.57    86.56    48.37    67.91    19.85    12.65    25.06    8.49    67.19    43.17    53.87    33.38    88.09    30.59    27.2    44.72    68.96    92.62    35.36    34.93    31.05    32.98    16.12    72.41
4.0    999999    32.06    66.41    25.3    30.07    64.76    70.61    14.14    31.62    51.42    88.09    38.47    2.83    52.35    67.68    52.5    70.61    72.11    32.25    71.39    70.88    92.09    72.18    20.59    14.81    71.57    14.42    83.93    53.76    27.99    76.69    52.5    28.28    8.6    45.61    53.54    46.69    6.0    63.89    54.57    53.37    52.61    38.47    20.0    70.34    21.02    74.67    39.75    30.59    73.38    89.64    49.03    71.81    17.03    16.49    21.63    6.32    71.06    44.27    57.75    33.02    91.21    30.07    26.31    45.61    72.8    95.8    39.32    38.83    30.27    32.25    20.1    76.33
32.56    32.06    999999    83.87    10.0    2.0    80.21    85.15    37.58    52.8    22.8    74.0    55.17    30.27    21.54    66.75    25.46    85.15    70.46    2.0    85.44    71.02    80.52    85.76    46.52    17.41    87.42    42.38    75.51    26.87    50.62    73.06    25.46    4.47    25.96    18.44    77.01    17.2    26.08    81.06    25.81    24.41    22.36    55.17    24.41    86.02    40.22    72.25    11.22    4.47    72.69    75.89    20.0    86.53    21.02    40.25    25.61    26.0    86.27    18.87    73.92    1.41    77.79    2.0    6.32    18.44    88.81    82.86    55.23    56.57    2.83    2.0    40.5    79.03
62.63    66.41    83.87    999999    84.06    82.62    6.0    8.49    52.55    34.79    87.42    77.16    29.15    65.19    92.62    43.01    85.15    8.49    45.28    85.43    9.9    41.3    74.15    11.31    46.32    74.55    6.32    52.63    63.38    85.44    38.48    50.64    85.15    83.01    64.4    82.62    19.7    86.68    68.54    2.83    89.31    89.05    91.4    29.15    85.62    5.83    46.52    47.52    82.49    85.8    43.57    77.32    87.01    8.6    81.44    49.98    87.46    70.38    7.21    79.81    10.04    83.74    77.52    82.62    81.84    82.62    7.07    79.25    28.84    28.18    84.2    85.43    47.01    37.19
26.83    25.3    10.0    84.06    999999    8.49    81.01    86.31    34.06    50.99    32.8    82.46    54.92    24.17    31.3    72.03    35.38    86.31    76.0    8.94    86.76    76.11    88.54    87.24    42.8    10.89    88.19    37.74    82.79    36.8    48.22    79.16    35.38    5.66    21.4    28.28    74.95    27.2    19.7    81.3    35.81    34.41    32.25    54.92    14.42    86.83    38.29    78.03    21.08    6.32    78.03    84.31    30.0    87.66    11.4    36.88    15.62    18.97    87.24    28.43    74.36    11.4    86.16    8.49    4.47    28.28    89.55    91.18    55.23    56.04    7.21    8.94    38.21    83.58
30.59    30.07    2.0    82.62    8.49    999999    79.06    84.06    35.78    51.22    24.41    74.67    53.81    28.28    23.41    66.48    26.91    84.06    70.26    2.83    84.38    70.71    81.04    84.72    44.72    15.41    86.27    40.5    75.79    28.32    48.97    73.01    26.91    2.83    24.04    19.8    75.43    18.87    24.08    79.81    27.46    26.08    24.17    53.81    22.8    84.88    38.6    72.11    12.59    4.0    72.44    76.55    21.63    85.44    19.24    38.47    24.08    24.0    85.15    20.0    72.7    3.16    78.43    0.0    4.47    19.8    87.66    83.49    53.91    55.17    2.0    2.83    38.83    78.6
60.88    64.76    80.21    6.0    81.01    79.06    999999    6.0    50.7    33.38    82.62    71.18    26.57    63.32    87.97    37.01    80.21    6.0    39.32    81.84    7.07    35.36    68.25    8.25    45.28    71.88    7.21    51.48    57.46    80.45    37.22    44.72    80.21    79.61    62.03    77.99    22.8    82.13    66.41    4.47    84.4    84.2    86.68    26.57    83.49    5.83    44.27    41.59    78.22    82.38    37.66    71.34    82.33    7.07    79.12    48.27    85.38    68.31    6.32    75.17    7.02    80.0    71.57    79.06    78.55    77.99    8.6    73.35    26.0    25.96    80.71    81.84    44.92    31.57
66.71    70.61    85.15    8.49    86.31    84.06    6.0    999999    56.52    39.32    86.45    71.01    32.28    69.12    91.97    37.34    83.87    0.0    39.01    86.82    1.41    35.01    67.36    2.83    51.24    77.38    4.0    57.43    56.73    84.02    43.18    44.05    83.87    84.72    67.68    82.04    27.78    86.27    72.12    8.94    88.09    87.97    90.61    32.28    89.19    3.16    50.0    41.01    82.65    87.46    37.01    71.01    86.31    1.41    84.76    54.13    91.09    74.04    2.0    79.21    12.97    84.88    71.06    84.06    83.73    82.04    5.1    72.44    31.62    31.78    85.76    86.82    50.7    29.81
10.2    14.14    37.58    52.55    34.06    35.78    50.7    56.52    999999    17.89    52.04    79.25    24.33    12.65    54.59    55.46    52.04    56.52    59.93    38.47    57.27    58.31    82.22    58.05    8.94    23.41    57.57    6.32    73.28    53.08    14.56    64.88    52.04    34.99    12.73    46.04    41.11    48.37    16.12    49.98    55.01    54.04    54.33    24.33    33.11    56.32    7.07    62.61    41.86    37.74    60.93    80.62    50.16    57.72    29.15    2.83    34.93    17.89    57.01    44.0    43.7    38.08    82.02    35.78    33.29    46.04    58.82    86.31    25.18    24.74    36.72    38.47    6.0    63.11
27.86    31.62    52.8    34.79    50.99    51.22    33.38    39.32    17.89    999999    62.64    76.16    8.94    30.46    66.48    46.69    61.61    39.32    50.99    54.04    40.2    48.41    77.2    41.11    12.0    40.76    40.02    18.11    67.1    62.37    3.9    56.59    61.61    50.99    30.23    56.92    24.21    60.17    34.0    32.28    65.25    64.56    65.79    8.94    50.99    38.83    12.73    53.81    54.48    53.81    51.22    77.18    61.35    40.45    47.01    15.23    52.8    35.78    39.62    54.41    26.36    53.01    78.23    51.22    49.52    56.92    41.23    81.84    10.3    8.25    52.5    54.04    12.81    51.09
50.64    51.42    22.8    87.42    32.8    24.41    82.62    86.45    52.04    62.64    999999    56.32    61.74    49.03    6.32    59.06    4.0    86.45    61.74    24.08    86.37    63.53    64.03    86.31    60.3    38.25    89.5    58.0    61.48    5.1    61.73    62.63    4.0    27.2    43.57    6.0    85.62    5.66    45.61    84.63    3.16    2.0    4.47    61.74    47.2    88.09    51.79    62.77    12.07    26.91    64.4    58.31    2.83    87.86    43.57    54.15    48.41    46.17    87.97    8.25    77.48    21.4    60.3    24.41    28.84    6.0    90.91    65.38    61.27    63.56    25.61    24.08    52.61    72.46
85.04    88.09    74.0    77.16    82.46    74.67    71.18    71.01    79.25    76.16    56.32    999999    68.88    85.28    62.13    34.23    52.35    71.01    32.0    75.89    70.03    36.0    8.94    69.07    82.8    81.76    75.01    85.04    15.21    51.24    78.26    27.17    52.35    77.25    79.81    57.27    88.06    60.83    84.4    75.33    55.08    56.14    60.13    68.88    94.83    74.0    73.88    30.07    63.66    78.43    34.06    2.0    58.55    72.03    89.94    79.4    96.6    86.02    73.01    55.79    70.71    72.73    4.0    74.67    78.0    57.27    76.03    9.06    67.54    70.68    76.55    75.89    75.29    42.38
34.53    38.47    55.17    29.15    54.92    53.81    26.57    32.28    24.33    8.94    61.74    68.88    999999    36.88    66.24    38.21    60.17    32.28    42.43    56.64    32.98    39.7    69.34    33.73    20.4    45.44    33.62    26.08    59.02    60.75    12.59    48.1    60.17    54.04    35.47    56.36    24.04    60.03    39.85    26.42    64.08    63.56    65.3    0.0    56.92    32.31    17.72    45.25    55.04    56.85    42.52    69.77    60.83    33.53    52.55    22.09    58.82    41.76    32.89    53.67    19.67    55.15    70.71    53.81    52.8    56.36    34.93    74.09    1.41    2.0    55.32    56.64    18.44    42.15
2.83    2.83    30.27    65.19    24.17    28.28    63.32    69.12    12.65    30.46    49.03    85.28    36.88    999999    50.16    65.15    50.0    69.12    69.57    30.59    69.86    68.41    89.31    70.61    20.0    13.38    70.21    14.14    81.21    51.24    26.97    74.09    50.0    26.68    5.83    43.17    53.01    44.41    4.47    62.63    52.17    50.99    50.36    36.88    20.59    68.96    19.24    72.11    37.48    29.12    70.88    86.83    46.69    70.34    17.03    15.23    22.36    5.66    69.64    41.76    56.33    31.14    88.41    28.28    24.74    43.17    71.47    93.01    37.66    37.36    28.64    30.59    18.44    74.01
52.04    52.35    21.54    92.62    31.3    23.41    87.97    91.97    54.59    66.48    6.32    62.13    66.24    50.16    999999    65.3    10.2    91.97    68.03    22.36    91.93    69.77    70.0    91.92    63.15    38.35    94.92    60.3    67.7    11.05    65.27    68.95    10.2    26.0    45.01    10.0    89.9    6.32    46.39    89.81    7.07    6.0    2.0    66.24    45.65    93.51    55.08    69.08    12.81    25.06    70.68    64.12    5.66    93.38    42.54    56.89    46.65    46.69    93.43    12.81    82.62    20.25    66.12    23.41    27.86    10.0    96.33    71.18    65.86    68.0    24.17    22.36    55.79    78.68
63.91    67.68    66.75    43.01    72.03    66.48    37.01    37.34    55.46    46.69    59.06    34.23    38.21    65.15    65.3    999999    55.57    37.34    4.47    68.73    36.5    4.47    32.31    35.69    56.04    66.91    41.3    60.03    21.53    55.23    49.67    9.9    55.57    68.26    60.88    56.46    54.42    60.93    65.97    41.11    59.68    60.03    63.53    38.21    80.62    40.2    48.76    7.21    59.92    70.46    6.0    34.53    59.93    38.47    75.54    54.59    82.61    67.91    39.32    53.85    36.56    65.92    34.93    66.48    68.12    56.46    42.43    37.34    36.8    39.7    68.47    68.73    50.12    13.48
51.42    52.5    25.46    85.15    35.38    26.91    80.21    83.87    52.04    61.61    4.0    52.35    60.17    50.0    10.2    55.57    999999    83.87    58.14    26.91    83.74    60.03    60.03    83.63    60.03    39.94    87.01    58.14    57.52    1.41    60.94    58.87    0.0    29.73    44.38    7.21    84.15    8.94    46.82    82.38    4.24    4.47    8.25    60.17    49.68    85.6    51.24    59.09    14.32    29.73    60.83    54.33    6.32    85.28    45.8    54.0    50.99    47.54    85.43    8.25    75.27    24.04    56.32    26.91    31.24    7.21    88.41    61.4    59.62    62.03    28.28    26.91    52.15    69.01
66.71    70.61    85.15    8.49    86.31    84.06    6.0    0.0    56.52    39.32    86.45    71.01    32.28    69.12    91.97    37.34    83.87    999999    39.01    86.82    1.41    35.01    67.36    2.83    51.24    77.38    4.0    57.43    56.73    84.02    43.18    44.05    83.87    84.72    67.68    82.04    27.78    86.27    72.12    8.94    88.09    87.97    90.61    32.28    89.19    3.16    50.0    41.01    82.65    87.46    37.01    71.01    86.31    1.41    84.76    54.13    91.09    74.04    2.0    79.21    12.97    84.88    71.06    84.06    83.73    82.04    5.1    72.44    31.62    31.78    85.76    86.82    50.7    29.81
68.35    72.11    70.46    45.28    76.0    70.26    39.32    39.01    59.93    50.99    61.74    32.0    42.43    69.57    68.03    4.47    58.14    39.01    999999    72.44    38.05    4.0    29.12    37.12    60.46    71.12    43.01    64.5    18.27    57.71    54.02    5.83    58.14    72.11    65.25    59.46    57.78    63.91    70.34    43.57    62.18    62.61    66.21    42.43    84.85    42.0    53.24    2.83    63.25    74.24    2.83    32.06    62.77    40.05    79.76    59.06    86.83    72.28    41.01    56.92    39.53    69.58    32.25    70.26    72.03    59.46    44.05    34.21    41.01    43.86    72.25    72.44    54.59    12.04
32.98    32.25    2.0    85.43    8.94    2.83    81.84    86.82    38.47    54.04    24.08    75.89    56.64    30.59    22.36    68.73    26.91    86.82    72.44    999999    87.13    72.99    82.46    87.46    47.41    17.46    89.05    43.08    77.5    28.32    51.75    75.06    26.91    4.0    26.57    20.0    78.24    18.44    26.31    82.62    27.02    25.61    23.32    56.64    23.32    87.66    41.4    74.24    12.81    2.83    74.67    77.79    21.26    88.2    20.25    41.18    24.41    26.08    87.92    20.59    75.5    3.16    79.7    2.83    6.0    20.0    90.44    84.77    56.73    58.0    2.0    0.0    41.62    80.98
67.47    71.39    85.44    9.9    86.76    84.38    7.07    1.41    57.27    40.2    86.37    70.03    32.98    69.86    91.93    36.5    83.74    1.41    38.05    87.13    999999    34.06    66.27    1.41    52.15    77.94    5.1    58.31    55.68    83.87    44.07    43.01    83.74    85.09    68.31    82.02    29.15    86.28    72.8    10.3    87.97    87.86    90.55    32.98    89.84    4.47    50.7    40.0    82.76    87.82    36.0    70.0    86.28    2.0    85.38    54.92    91.76    74.73    3.16    79.2    13.9    85.15    70.03    84.38    84.12    82.02    6.0    71.34    32.28    32.56    86.09    87.13    51.42    28.64
67.05    70.88    71.02    41.3    76.11    70.71    35.36    35.01    58.31    48.41    63.53    36.0    39.7    68.41    69.77    4.47    60.03    35.01    4.0    72.99    34.06    999999    32.98    33.14    58.31    70.71    39.01    62.61    22.15    59.68    51.59    9.49    60.03    72.44    64.33    60.93    54.13    65.39    69.43    39.62    64.14    64.5    68.0    39.7    84.38    38.0    51.48    6.32    64.33    74.67    2.83    36.06    64.4    36.06    79.31    57.27    86.37    71.39    37.01    58.31    35.74    70.21    36.22    70.71    72.25    60.93    40.05    38.08    38.29    41.04    72.69    72.99    52.8    9.09
88.81    92.09    80.52    74.15    88.54    81.04    68.25    67.36    82.22    77.2    64.03    8.94    69.34    89.31    70.0    32.31    60.03    67.36    29.12    82.46    66.27    32.98    999999    65.19    84.9    86.95    71.34    87.73    10.85    59.01    79.66    23.54    60.03    83.52    84.06    64.5    86.73    68.26    88.84    72.57    63.01    64.0    68.0    69.34    100.32    70.46    76.38    26.68    70.57    84.9    30.59    7.21    66.12    68.26    95.34    82.07    102.16    90.55    69.35    62.8    68.65    79.31    5.66    81.04    84.12    64.5    72.25    5.1    67.96    71.02    82.97    82.46    77.79    37.81
68.25    72.18    85.76    11.31    87.24    84.72    8.25    2.83    58.05    41.11    86.31    69.07    33.73    70.61    91.92    35.69    83.63    2.83    37.12    87.46    1.41    33.14    65.19    999999    53.08    78.51    6.32    59.21    54.63    83.74    44.99    42.0    83.63    85.48    68.96    82.04    30.53    86.31    73.5    11.66    87.86    87.78    90.52    33.73    90.52    5.83    51.42    39.01    82.9    88.19    35.01    69.01    86.27    3.16    86.02    55.73    92.44    75.43    4.47    79.21    14.92    85.44    69.01    84.72    84.53    82.04    7.07    70.26    32.98    33.38    86.45    87.46    52.17    27.49
17.2    20.59    46.52    46.32    42.8    44.72    45.28    51.24    8.94    12.0    60.3    82.8    20.4    20.0    63.15    56.04    60.03    51.24    60.46    47.41    52.15    58.31    84.9    53.08    999999    32.02    51.79    6.32    75.34    61.01    8.1    65.8    60.03    43.91    21.4    54.33    33.02    56.89    24.08    43.93    63.2    62.29    62.8    20.4    40.5    50.64    9.49    63.25    50.5    46.65    61.06    84.02    58.55    52.35    37.01    6.32    42.19    25.61    51.48    52.15    38.28    47.01    85.28    44.72    42.19    54.33    52.95    89.27    21.59    20.1    45.65    47.41    8.25    61.92
15.98    14.81    17.41    74.55    10.89    15.41    71.88    77.38    23.41    40.76    38.25    81.76    45.44    13.38    38.35    66.91    39.94    77.38    71.12    17.46    77.94    70.71    86.95    78.51    32.02    999999    79.0    26.85    80.09    41.29    37.79    74.9    39.94    13.48    10.68    32.78    64.48    33.11    8.96    71.84    41.41    40.11    38.85    45.44    13.75    77.67    28.21    73.39    26.23    15.79    72.88    83.49    35.66    78.69    8.65    26.23    15.72    8.61    78.17    31.98    65.08    18.46    85.23    15.41    11.5    32.78    80.33    90.1    45.9    46.38    15.47    17.46    27.96    77.5
67.72    71.57    87.42    6.32    88.19    86.27    7.21    4.0    57.57    40.02    89.5    75.01    33.62    70.21    94.92    41.3    87.01    4.0    43.01    89.05    5.1    39.01    71.34    6.32    51.79    79.0    999999    58.05    60.73    87.2    43.81    48.04    87.01    86.82    69.08    84.96    26.0    89.14    73.39    8.0    91.21    91.05    93.61    33.62    90.48    1.41    51.26    45.01    85.33    89.59    41.01    75.01    89.27    3.16    86.16    55.08    92.36    75.27    2.0    82.13    13.95    87.2    75.06    86.27    85.76    84.96    1.41    76.42    33.11    32.89    87.92    89.05    51.87    33.74
11.31    14.42    42.38    52.63    37.74    40.5    51.48    57.43    6.32    18.11    58.0    85.04    26.08    14.14    60.3    60.03    58.14    57.43    64.5    43.08    58.31    62.61    87.73    59.21    6.32    26.85    58.05    999999    78.54    59.21    14.26    69.64    58.14    39.4    16.55    52.0    39.12    54.15    18.44    50.22    61.01    60.0    60.13    26.08    34.41    56.89    11.4    67.23    47.51    42.05    65.3    86.37    56.04    58.55    31.14    5.66    36.06    19.8    57.71    50.04    44.47    43.01    87.73    40.5    37.58    52.0    59.23    91.92    27.17    26.0    41.23    43.08    10.0    66.8
80.48    83.93    75.51    63.38    82.79    75.79    57.46    56.73    73.28    67.1    61.48    15.21    59.02    81.21    67.7    21.53    57.52    56.73    18.27    77.5    55.68    22.15    10.85    54.63    75.34    80.09    60.73    78.54    999999    56.68    69.74    12.74    57.52    78.09    76.21    60.95    75.91    65.05    81.13    61.76    60.98    61.78    65.73    59.02    93.7    59.8    67.14    15.87    66.34    79.75    19.81    14.69    63.22    57.67    88.64    72.92    95.6    82.93    58.73    58.9    57.8    74.4    14.43    75.79    78.47    60.95    61.67    15.94    57.63    60.65    77.77    77.5    68.55    27.48
52.63    53.76    26.87    85.44    36.8    28.32    80.45    84.02    53.08    62.37    5.1    51.24    60.75    51.24    11.05    55.23    1.41    84.02    57.71    28.32    83.87    59.68    59.01    83.74    61.01    41.29    87.2    59.21    56.68    999999    61.77    58.31    1.41    31.14    45.61    8.6    84.76    10.3    48.1    82.68    4.47    5.1    9.06    60.75    51.09    85.8    52.15    58.6    15.73    31.14    60.42    53.24    7.62    85.43    47.2    55.01    52.4    48.85    85.6    9.49    75.6    25.46    55.23    28.32    32.65    8.6    88.6    60.3    60.17    62.63    29.7    28.32    53.08    68.69
24.3    27.99    50.62    38.48    48.22    48.97    37.22    43.18    14.56    3.9    61.73    78.26    12.59    26.97    65.27    49.67    60.94    43.18    54.02    51.75    44.07    51.59    79.66    44.99    8.1    37.79    43.81    14.26    69.74    61.77    999999    59.54    60.94    48.56    27.16    55.91    26.73    58.95    30.67    36.02    64.45    63.68    64.68    12.59    47.55    42.64    10.43    56.84    53.02    51.37    54.38    79.35    60.29    44.29    43.7    11.8    49.33    32.39    43.45    53.49    30.22    50.91    80.47    48.97    47.0    55.91    45.0    84.22    13.87    12.08    50.14    51.75    10.14    54.6
73.01    76.69    73.06    50.64    79.16    73.01    44.72    44.05    64.88    56.59    62.63    27.17    48.1    74.09    68.95    9.9    58.87    44.05    5.83    75.06    43.01    9.49    23.54    42.0    65.8    74.9    48.04    69.64    12.74    58.31    59.54    999999    58.87    75.01    69.57    60.88    63.56    65.25    74.63    49.03    62.77    63.32    67.07    48.1    88.65    47.1    58.31    3.16    65.2    77.01    7.07    27.02    63.89    45.01    83.55    64.14    90.61    76.54    46.04    58.46    45.22    72.11    27.02    73.01    75.06    60.88    49.01    28.64    46.69    49.58    75.01    75.06    59.68    15.33
51.42    52.5    25.46    85.15    35.38    26.91    80.21    83.87    52.04    61.61    4.0    52.35    60.17    50.0    10.2    55.57    0.0    83.87    58.14    26.91    83.74    60.03    60.03    83.63    60.03    39.94    87.01    58.14    57.52    1.41    60.94    58.87    999999    29.73    44.38    7.21    84.15    8.94    46.82    82.38    4.24    4.47    8.25    60.17    49.68    85.6    51.24    59.09    14.32    29.73    60.83    54.33    6.32    85.28    45.8    54.0    50.99    47.54    85.43    8.25    75.27    24.04    56.32    26.91    31.24    7.21    88.41    61.4    59.62    62.03    28.28    26.91    52.15    69.01
29.12    28.28    4.47    83.01    5.66    2.83    79.61    84.72    34.99    50.99    27.2    77.25    54.04    26.68    26.0    68.26    29.73    84.72    72.11    4.0    85.09    72.44    83.52    85.48    43.91    13.48    86.82    39.4    78.09    31.14    48.56    75.01    29.73    999999    22.85    22.63    75.17    21.63    22.36    80.21    30.23    28.84    26.83    54.04    20.0    85.44    38.29    74.03    15.42    2.83    74.24    79.12    24.41    86.09    16.55    37.74    21.26    22.09    85.76    22.8    73.15    5.83    80.99    2.83    2.0    22.63    88.2    86.03    54.2    55.32    2.0    4.0    38.42    80.2
7.07    8.6    25.96    64.4    21.4    24.04    62.03    67.68    12.73    30.23    43.57    79.81    35.47    5.83    45.01    60.88    44.38    67.68    65.25    26.57    68.31    64.33    84.06    68.96    21.4    10.68    69.08    16.55    76.21    45.61    27.16    69.57    44.38    22.85    999999    37.66    53.81    39.12    5.1    61.74    46.69    45.54    45.1    35.47    21.59    67.78    17.89    67.72    32.24    25.5    66.71    81.4    41.3    68.95    17.09    15.56    23.54    7.07    68.35    36.14    55.13    26.68    83.01    24.04    21.02    37.66    70.38    87.66    36.06    36.25    24.7    26.57    17.49    70.37
44.72    45.61    18.44    82.62    28.28    19.8    77.99    82.04    46.04    56.92    6.0    57.27    56.36    43.17    10.0    56.46    7.21    82.04    59.46    20.0    82.02    60.93    64.5    82.04    54.33    32.78    84.96    52.0    60.95    8.6    55.91    60.88    7.21    22.63    37.66    999999    80.11    4.47    39.85    79.81    9.06    8.0    8.94    56.36    42.52    83.55    45.89    60.73    7.22    22.8    62.03    59.23    4.47    83.45    38.6    48.17    43.86    40.5    83.49    2.83    72.62    17.03    61.19    19.8    24.08    0.0    86.37    66.29    55.95    58.14    21.26    20.0    46.69    69.69
50.22    53.54    77.01    19.7    74.95    75.43    22.8    27.78    41.11    24.21    85.62    88.06    24.04    53.01    89.9    54.42    84.15    27.78    57.78    78.24    29.15    54.13    86.73    30.53    33.02    64.48    26.0    39.12    75.91    84.76    26.73    63.56    84.15    75.17    53.81    80.11    999999    83.63    57.01    18.87    88.02    87.46    89.05    24.04    73.5    25.5    36.88    60.42    78.27    77.99    56.8    88.6    84.58    28.18    70.0    38.29    75.17    58.6    26.83    77.47    18.9    77.2    89.19    75.43    73.66    80.11    26.57    91.76    24.74    22.14    76.69    78.24    36.8    52.6
46.17    46.69    17.2    86.68    27.2    18.87    82.13    86.27    48.37    60.17    5.66    60.83    60.03    44.41    6.32    60.93    8.94    86.27    63.91    18.44    86.28    65.39    68.26    86.31    56.89    33.11    89.14    54.15    65.05    10.3    58.95    65.25    8.94    21.63    39.12    4.47    83.63    999999    40.79    83.87    8.6    7.21    6.0    60.03    41.62    87.73    48.76    65.15    6.94    21.26    66.48    62.8    2.83    87.68    38.08    50.64    42.8    41.23    87.69    7.21    76.67    15.81    64.78    18.87    23.32    4.47    90.55    69.87    59.68    61.77    20.0    18.44    49.48    74.16
7.21    6.0    26.08    68.54    19.7    24.08    66.41    72.12    16.12    34.0    45.61    84.4    39.85    4.47    46.39    65.97    46.82    72.12    70.34    26.31    72.8    69.43    88.84    73.5    24.08    8.96    73.39    18.44    81.13    48.1    30.67    74.63    46.82    22.36    5.1    39.85    57.01    40.79    999999    65.92    48.76    47.54    46.69    39.85    17.09    72.11    22.14    72.8    33.85    24.74    71.81    86.02    43.17    73.38    13.04    18.87    18.97    2.0    72.73    38.63    59.46    27.02    87.66    24.08    20.4    39.85    74.67    92.36    40.52    40.5    24.33    26.31    21.54    75.45
60.08    63.89    81.06    2.83    81.3    79.81    4.47    8.94    49.98    32.28    84.63    75.33    26.42    62.63    89.81    41.11    82.38    8.94    43.57    82.62    10.3    39.62    72.57    11.66    43.93    71.84    8.0    50.22    61.76    82.68    36.02    49.03    82.38    80.21    61.74    79.81    18.87    83.87    65.92    999999    86.53    86.27    88.6    26.42    83.01    7.07    43.86    45.89    79.67    83.01    41.98    75.54    84.2    9.49    78.79    47.43    84.86    67.78    8.25    77.01    7.22    80.92    75.8    79.81    79.06    79.81    9.06    77.67    26.08    25.5    81.4    82.62    44.38    36.03
53.76    54.57    25.81    89.31    35.81    27.46    84.4    88.09    55.01    65.25    3.16    55.08    64.08    52.17    7.07    59.68    4.24    88.09    62.18    27.02    87.97    64.14    63.01    87.86    63.2    41.41    91.21    61.01    60.98    4.47    64.45    62.77    4.24    30.23    46.69    9.06    88.02    8.6    48.76    86.53    999999    1.41    5.1    64.08    50.22    89.81    54.59    63.07    15.21    29.83    64.88    57.08    5.83    89.5    46.65    57.08    51.4    49.34    89.64    11.05    79.41    24.41    59.08    27.46    31.91    9.06    92.62    64.12    63.56    65.92    28.6    27.02    55.44    73.14
52.61    53.37    24.41    89.05    34.41    26.08    84.2    87.97    54.04    64.56    2.0    56.14    63.56    50.99    6.0    60.03    4.47    87.97    62.61    25.61    87.86    64.5    64.0    87.78    62.29    40.11    91.05    60.0    61.78    5.1    63.68    63.32    4.47    28.84    45.54    8.0    87.46    7.21    47.54    86.27    1.41    999999    4.0    63.56    48.83    89.64    53.76    63.56    13.89    28.43    65.3    58.14    4.47    89.38    45.28    56.14    50.0    48.08    89.5    10.2    79.13    23.02    60.13    26.08    30.53    8.0    92.46    65.19    63.07    65.39    27.2    25.61    54.59    73.47
52.15    52.61    22.36    91.4    32.25    24.17    86.68    90.61    54.33    65.79    4.47    60.13    65.3    50.36    2.0    63.53    8.25    90.61    66.21    23.32    90.55    68.0    68.0    90.52    62.8    38.85    93.61    60.13    65.73    9.06    64.68    67.07    8.25    26.83    45.1    8.94    89.05    6.0    46.69    88.6    5.1    4.0    999999    65.3    46.65    92.2    54.57    67.23    12.88    26.08    68.88    62.13    4.47    92.02    43.38    56.57    47.71    47.07    92.1    11.66    81.43    21.02    64.12    24.17    28.64    8.94    95.02    69.18    64.88    67.08    25.06    23.32    55.32    76.93
34.53    38.47    55.17    29.15    54.92    53.81    26.57    32.28    24.33    8.94    61.74    68.88    0.0    36.88    66.24    38.21    60.17    32.28    42.43    56.64    32.98    39.7    69.34    33.73    20.4    45.44    33.62    26.08    59.02    60.75    12.59    48.1    60.17    54.04    35.47    56.36    24.04    60.03    39.85    26.42    64.08    63.56    65.3    999999    56.92    32.31    17.72    45.25    55.04    56.85    42.52    69.77    60.83    33.53    52.55    22.09    58.82    41.76    32.89    53.67    19.67    55.15    70.71    53.81    52.8    56.36    34.93    74.09    1.41    2.0    55.32    56.64    18.44    42.15
23.32    20.0    24.41    85.62    14.42    22.8    83.49    89.19    33.11    50.99    47.2    94.83    56.92    20.59    45.65    80.62    49.68    89.19    84.85    23.32    89.84    84.38    100.32    90.52    40.5    13.75    90.48    34.41    93.7    51.09    47.55    88.65    49.68    20.0    21.59    42.52    73.5    41.62    17.09    83.01    50.22    48.83    46.65    56.92    999999    89.2    39.22    87.13    35.36    20.59    86.58    96.6    44.41    90.44    5.1    35.78    2.0    15.23    89.81    42.43    76.54    25.81    98.39    22.8    18.44    42.52    91.76    103.32    57.57    57.58    21.63    23.32    38.63    91.03
66.48    70.34    86.02    5.83    86.83    84.88    5.83    3.16    56.32    38.83    88.09    74.0    32.31    68.96    93.51    40.2    85.6    3.16    42.0    87.66    4.47    38.0    70.46    5.83    50.64    77.67    1.41    56.89    59.8    85.8    42.64    47.1    85.6    85.44    67.78    83.55    25.5    87.73    72.11    7.07    89.81    89.64    92.2    32.31    89.2    999999    49.98    44.05    83.92    88.2    40.05    74.03    87.86    2.83    84.86    53.85    91.08    74.0    1.41    80.72    12.65    85.8    74.11    84.88    84.38    83.55    2.83    75.54    31.78    31.62    86.53    87.66    50.6    32.95
17.03    21.02    40.22    46.52    38.29    38.6    44.27    50.0    7.07    12.73    51.79    73.88    17.72    19.24    55.08    48.76    51.24    50.0    53.24    41.4    50.7    51.48    76.38    51.42    9.49    28.21    51.26    11.4    67.14    52.15    10.43    58.31    51.24    38.29    17.89    45.89    36.88    48.76    22.14    43.86    54.59    53.76    54.57    17.72    39.22    49.98    999999    55.95    42.7    41.11    54.13    75.17    50.22    51.24    34.93    5.83    41.11    24.04    50.6    43.57    37.33    40.5    76.49    38.6    36.8    45.89    52.55    80.62    18.44    18.38    39.82    41.4    1.41    56.1
70.94    74.67    72.25    47.52    78.03    72.11    41.59    41.01    62.61    53.81    62.77    30.07    45.25    72.11    69.08    7.21    59.09    41.01    2.83    74.24    40.0    6.32    26.68    39.01    63.25    73.39    45.01    67.23    15.87    58.6    56.84    3.16    59.09    74.03    67.72    60.73    60.42    65.15    72.8    45.89    63.07    63.56    67.23    45.25    87.13    44.05    55.95    999999    64.76    76.11    4.0    30.0    63.91    42.0    82.04    61.77    89.11    74.73    43.01    58.24    42.06    71.34    30.07    72.11    74.0    60.73    46.0    31.78    43.84    46.69    74.11    74.24    57.31    12.82
39.29    39.75    11.22    82.49    21.08    12.59    78.22    82.65    41.86    54.48    12.07    63.66    55.04    37.48    12.81    59.92    14.32    82.65    63.25    12.81    82.76    64.33    70.57    82.9    50.5    26.23    85.33    47.51    66.34    15.73    53.02    65.2    14.32    15.42    32.24    7.22    78.27    6.94    33.85    79.67    15.21    13.89    12.88    55.04    35.36    83.92    42.7    64.76    999999    15.6    65.69    65.59    9.43    84.06    31.56    44.21    36.67    34.3    83.98    7.91    72.45    9.81    67.52    12.59    16.93    7.22    86.74    72.62    54.8    56.69    14.04    12.81    43.32    72.83
31.62    30.59    4.47    85.8    6.32    4.0    82.38    87.46    37.74    53.81    26.91    78.43    56.85    29.12    25.06    70.46    29.73    87.46    74.24    2.83    87.82    74.67    84.9    88.19    46.65    15.79    89.59    42.05    79.75    31.14    51.37    77.01    29.73    2.83    25.5    22.8    77.99    21.26    24.74    83.01    29.83    28.43    26.08    56.85    20.59    88.2    41.11    76.11    15.6    999999    76.42    80.32    24.08    88.84    17.72    40.5    21.63    24.33    88.51    23.32    75.93    5.83    82.22    4.0    4.47    22.8    90.97    87.28    57.01    58.14    2.0    2.83    41.23    82.53
69.57    73.38    72.69    43.57    78.03    72.44    37.66    37.01    60.93    51.22    64.4    34.06    42.52    70.88    70.68    6.0    60.83    37.01    2.83    74.67    36.0    2.83    30.59    35.01    61.06    72.88    41.01    65.3    19.81    60.42    54.38    7.07    60.83    74.24    66.71    62.03    56.8    66.48    71.81    41.98    64.88    65.3    68.88    42.52    86.58    40.05    54.13    4.0    65.69    76.42    999999    34.0    65.39    38.0    81.5    59.93    88.57    73.76    39.01    59.46    38.31    71.85    34.06    72.44    74.11    62.03    42.0    35.69    41.11    43.86    74.43    74.67    55.46    9.26
86.56    89.64    75.89    77.32    84.31    76.55    71.34    71.01    80.62    77.18    58.31    2.0    69.77    86.83    64.12    34.53    54.33    71.01    32.06    77.79    70.0    36.06    7.21    69.01    84.02    83.49    75.01    86.37    14.69    53.24    79.35    27.02    54.33    79.12    81.4    59.23    88.6    62.8    86.02    75.54    57.08    58.14    62.13    69.77    96.6    74.03    75.17    30.0    65.59    80.32    34.0    999999    60.53    72.0    91.71    80.72    98.39    87.66    73.01    57.72    71.07    74.63    2.0    76.55    79.85    59.23    76.0    7.07    68.43    71.55    78.43    77.79    76.58    42.1
48.37    49.03    20.0    87.01    30.0    21.63    82.33    86.31    50.16    61.35    2.83    58.55    60.83    46.69    5.66    59.93    6.32    86.31    62.77    21.26    86.28    64.4    66.12    86.27    58.55    35.66    89.27    56.04    63.22    7.62    60.29    63.89    6.32    24.41    41.3    4.47    84.58    2.83    43.17    84.2    5.83    4.47    4.47    60.83    44.41    87.86    50.22    63.91    9.43    24.08    65.39    60.53    999999    87.73    40.82    52.35    45.61    43.68    87.78    7.21    77.02    18.6    62.51    21.63    26.08    4.47    90.69    67.6    60.42    62.61    22.8    21.26    50.99    73.26
67.91    71.81    86.53    8.6    87.66    85.44    7.07    1.41    57.72    40.45    87.86    72.03    33.53    70.34    93.38    38.47    85.28    1.41    40.05    88.2    2.0    36.06    68.26    3.16    52.35    78.69    3.16    58.55    57.67    85.43    44.29    45.01    85.28    86.09    68.95    83.45    28.18    87.68    73.38    9.49    89.5    89.38    92.02    33.53    90.44    2.83    51.24    42.0    84.06    88.84    38.0    72.0    87.73    999999    86.03    55.32    92.35    75.29    1.41    80.62    14.09    86.27    72.03    85.44    85.09    83.45    4.0    73.33    32.89    32.98    87.13    88.2    51.92    30.61
19.85    17.03    21.02    81.44    11.4    19.24    79.12    84.76    29.15    47.01    43.57    89.94    52.55    17.03    42.54    75.54    45.8    84.76    79.76    20.25    85.38    79.31    95.34    86.02    37.01    8.65    86.16    31.14    88.64    47.2    43.7    83.55    45.8    16.55    17.09    38.6    70.0    38.08    13.04    78.79    46.65    45.28    43.38    52.55    5.1    84.86    34.93    82.04    31.56    17.72    81.5    91.71    40.82    86.03    999999    31.91    7.07    11.4    85.44    38.29    72.22    22.36    93.48    19.24    14.76    38.6    87.46    98.39    53.14    53.31    18.38    20.25    34.44    86.01
12.65    16.49    40.25    49.98    36.88    38.47    48.27    54.13    2.83    15.23    54.15    79.4    22.09    15.23    56.89    54.59    54.0    54.13    59.06    41.18    54.92    57.27    82.07    55.73    6.32    26.23    55.08    5.66    72.92    55.01    11.8    64.14    54.0    37.74    15.56    48.17    38.29    50.64    18.87    47.43    57.08    56.14    56.57    22.09    35.78    53.85    5.83    61.77    44.21    40.5    59.93    80.72    52.35    55.32    31.91    999999    37.58    20.59    54.57    46.04    41.26    40.72    82.07    38.47    36.06    48.17    56.32    86.27    23.02    22.36    39.45    41.18    4.47    61.74
25.06    21.63    25.61    87.46    15.62    24.08    85.38    91.09    34.93    52.8    48.41    96.6    58.82    22.36    46.65    82.61    50.99    91.09    86.83    24.41    91.76    86.37    102.16    92.44    42.19    15.72    92.36    36.06    95.6    52.4    49.33    90.61    50.99    21.26    23.54    43.86    75.17    42.8    18.97    84.86    51.4    50.0    47.71    58.82    2.0    91.08    41.11    89.11    36.67    21.63    88.57    98.39    45.61    92.35    7.07    37.58    999999    17.09    91.71    43.86    78.43    27.02    100.18    24.08    19.8    43.86    93.64    105.12    59.48    59.46    22.8    24.41    40.5    93.03
8.49    6.32    26.0    70.38    18.97    24.0    68.31    74.04    17.89    35.78    46.17    86.02    41.76    5.66    46.69    67.91    47.54    74.04    72.28    26.08    74.73    71.39    90.55    75.43    25.61    8.61    75.27    19.8    82.93    48.85    32.39    76.54    47.54    22.09    7.07    40.5    58.6    41.23    2.0    67.78    49.34    48.08    47.07    41.76    15.23    74.0    24.04    74.73    34.3    24.33    73.76    87.66    43.68    75.29    11.4    20.59    17.09    999999    74.63    39.4    61.35    27.02    89.31    24.0    20.1    40.5    76.55    94.03    42.45    42.38    24.08    26.08    23.41    77.44
67.19    71.06    86.27    7.21    87.24    85.15    6.32    2.0    57.01    39.62    87.97    73.01    32.89    69.64    93.43    39.32    85.43    2.0    41.01    87.92    3.16    37.01    69.35    4.47    51.48    78.17    2.0    57.71    58.73    85.6    43.45    46.04    85.43    85.76    68.35    83.49    26.83    87.69    72.73    8.25    89.64    89.5    92.1    32.89    89.81    1.41    50.6    43.01    83.98    88.51    39.01    73.01    87.78    1.41    85.44    54.57    91.71    74.63    999999    80.66    13.32    86.02    73.06    85.15    84.72    83.49    3.16    74.43    32.31    32.28    86.82    87.92    51.24    31.77
43.17    44.27    18.87    79.81    28.43    20.0    75.17    79.21    44.0    54.41    8.25    55.79    53.67    41.76    12.81    53.85    8.25    79.21    56.92    20.59    79.2    58.31    62.8    79.21    52.15    31.98    82.13    50.04    58.9    9.49    53.49    58.46    8.25    22.8    36.14    2.83    77.47    7.21    38.63    77.01    11.05    10.2    11.66    53.67    42.43    80.72    43.57    58.24    7.91    23.32    59.46    57.72    7.21    80.62    38.29    46.04    43.86    39.4    80.66    999999    69.82    17.49    59.67    20.0    24.08    2.83    83.55    64.76    53.24    55.46    21.63    20.59    44.41    67.04
53.87    57.75    73.92    10.04    74.36    72.7    7.02    12.97    43.7    26.36    77.48    70.71    19.67    56.33    82.62    36.56    75.27    12.97    39.53    75.5    13.9    35.74    68.65    14.92    38.28    65.08    13.95    44.47    57.8    75.6    30.22    45.22    75.27    73.15    55.13    72.62    18.9    76.67    59.46    7.22    79.41    79.13    81.43    19.67    76.54    12.65    37.33    42.06    72.45    75.93    38.31    71.07    77.02    14.09    72.22    41.26    78.43    61.35    13.32    69.82    999999    73.77    71.49    72.7    72.03    72.62    15.26    73.72    19.19    18.98    74.31    75.5    37.95    33.7
33.38    33.02    1.41    83.74    11.4    3.16    80.0    84.88    38.08    53.01    21.4    72.73    55.15    31.14    20.25    65.92    24.04    84.88    69.58    3.16    85.15    70.21    79.31    85.44    47.01    18.46    87.2    43.01    74.4    25.46    50.91    72.11    24.04    5.83    26.68    17.03    77.2    15.81    27.02    80.92    24.41    23.02    21.02    55.15    25.81    85.8    40.5    71.34    9.81    5.83    71.85    74.63    18.6    86.27    22.36    40.72    27.02    27.02    86.02    17.49    73.77    999999    76.54    3.16    7.62    17.03    88.6    81.61    55.17    56.59    4.24    3.16    40.82    78.29
88.09    91.21    77.79    77.52    86.16    78.43    71.57    71.06    82.02    78.23    60.3    4.0    70.71    88.41    66.12    34.93    56.32    71.06    32.25    79.7    70.03    36.22    5.66    69.01    85.28    85.23    75.06    87.73    14.43    55.23    80.47    27.02    56.32    80.99    83.01    61.19    89.19    64.78    87.66    75.8    59.08    60.13    64.12    70.71    98.39    74.11    76.49    30.07    67.52    82.22    34.06    2.0    62.51    72.03    93.48    82.07    100.18    89.31    73.06    59.67    71.49    76.54    999999    78.43    81.71    61.19    76.03    5.1    69.35    72.47    80.32    79.7    77.9    41.91
30.59    30.07    2.0    82.62    8.49    0.0    79.06    84.06    35.78    51.22    24.41    74.67    53.81    28.28    23.41    66.48    26.91    84.06    70.26    2.83    84.38    70.71    81.04    84.72    44.72    15.41    86.27    40.5    75.79    28.32    48.97    73.01    26.91    2.83    24.04    19.8    75.43    18.87    24.08    79.81    27.46    26.08    24.17    53.81    22.8    84.88    38.6    72.11    12.59    4.0    72.44    76.55    21.63    85.44    19.24    38.47    24.08    24.0    85.15    20.0    72.7    3.16    78.43    999999    4.47    19.8    87.66    83.49    53.91    55.17    2.0    2.83    38.83    78.6
27.2    26.31    6.32    81.84    4.47    4.47    78.55    83.73    33.29    49.52    28.84    78.0    52.8    24.74    27.86    68.12    31.24    83.73    72.03    6.0    84.12    72.25    84.12    84.53    42.19    11.5    85.76    37.58    78.47    32.65    47.0    75.06    31.24    2.0    21.02    24.08    73.66    23.32    20.4    79.06    31.91    30.53    28.64    52.8    18.44    84.38    36.8    74.0    16.93    4.47    74.11    79.85    26.08    85.09    14.76    36.06    19.8    20.1    84.72    24.08    72.03    7.62    81.71    4.47    999999    24.08    87.13    86.73    53.01    54.04    4.0    6.0    36.88    79.88
44.72    45.61    18.44    82.62    28.28    19.8    77.99    82.04    46.04    56.92    6.0    57.27    56.36    43.17    10.0    56.46    7.21    82.04    59.46    20.0    82.02    60.93    64.5    82.04    54.33    32.78    84.96    52.0    60.95    8.6    55.91    60.88    7.21    22.63    37.66    0.0    80.11    4.47    39.85    79.81    9.06    8.0    8.94    56.36    42.52    83.55    45.89    60.73    7.22    22.8    62.03    59.23    4.47    83.45    38.6    48.17    43.86    40.5    83.49    2.83    72.62    17.03    61.19    19.8    24.08    999999    86.37    66.29    55.95    58.14    21.26    20.0    46.69    69.69
68.96    72.8    88.81    7.07    89.55    87.66    8.6    5.1    58.82    41.23    90.91    76.03    34.93    71.47    96.33    42.43    88.41    5.1    44.05    90.44    6.0    40.05    72.25    7.07    52.95    80.33    1.41    59.23    61.67    88.6    45.0    49.01    88.41    88.2    70.38    86.37    26.57    90.55    74.67    9.06    92.62    92.46    95.02    34.93    91.76    2.83    52.55    46.0    86.74    90.97    42.0    76.0    90.69    4.0    87.46    56.32    93.64    76.55    3.16    83.55    15.26    88.6    76.03    87.66    87.13    86.37    999999    77.32    34.44    34.18    89.31    90.44    53.14    34.56
92.62    95.8    82.86    79.25    91.18    83.49    73.35    72.44    86.31    81.84    65.38    9.06    74.09    93.01    71.18    37.34    61.4    72.44    34.21    84.77    71.34    38.08    5.1    70.26    89.27    90.1    76.42    91.92    15.94    60.3    84.22    28.64    61.4    86.03    87.66    66.29    91.76    69.87    92.36    77.67    64.12    65.19    69.18    74.09    103.32    75.54    80.62    31.78    72.62    87.28    35.69    7.07    67.6    73.33    98.39    86.27    105.12    94.03    74.43    64.76    73.72    81.61    5.1    83.49    86.73    66.29    77.32    999999    72.72    75.8    85.38    84.77    82.04    42.85
35.36    39.32    55.23    28.84    55.23    53.91    26.0    31.62    25.18    10.3    61.27    67.54    1.41    37.66    65.86    36.8    59.62    31.62    41.01    56.73    32.28    38.29    67.96    32.98    21.59    45.9    33.11    27.17    57.63    60.17    13.87    46.69    59.62    54.2    36.06    55.95    24.74    59.68    40.52    26.08    63.56    63.07    64.88    1.41    57.57    31.78    18.44    43.84    54.8    57.01    41.11    68.43    60.42    32.89    53.14    23.02    59.48    42.45    32.31    53.24    19.19    55.17    69.35    53.91    53.01    55.95    34.44    72.72    999999    3.16    55.44    56.73    19.24    40.8
34.93    38.83    56.57    28.18    56.04    55.17    25.96    31.78    24.74    8.25    63.56    70.68    2.0    37.36    68.0    39.7    62.03    31.78    43.86    58.0    32.56    41.04    71.02    33.38    20.1    46.38    32.89    26.0    60.65    62.63    12.08    49.58    62.03    55.32    36.25    58.14    22.14    61.77    40.5    25.5    65.92    65.39    67.08    2.0    57.58    31.62    18.38    46.69    56.69    58.14    43.86    71.55    62.61    32.98    53.31    22.36    59.46    42.38    32.28    55.46    18.98    56.59    72.47    55.17    54.04    58.14    34.18    75.8    3.16    999999    56.64    58.0    18.97    43.15
31.05    30.27    2.83    84.2    7.21    2.0    80.71    85.76    36.72    52.5    25.61    76.55    55.32    28.64    24.17    68.47    28.28    85.76    72.25    2.0    86.09    72.69    82.97    86.45    45.65    15.47    87.92    41.23    77.77    29.7    50.14    75.01    28.28    2.0    24.7    21.26    76.69    20.0    24.33    81.4    28.6    27.2    25.06    55.32    21.63    86.53    39.82    74.11    14.04    2.0    74.43    78.43    22.8    87.13    18.38    39.45    22.8    24.08    86.82    21.63    74.31    4.24    80.32    2.0    4.0    21.26    89.31    85.38    55.44    56.64    999999    2.0    40.0    80.56
32.98    32.25    2.0    85.43    8.94    2.83    81.84    86.82    38.47    54.04    24.08    75.89    56.64    30.59    22.36    68.73    26.91    86.82    72.44    0.0    87.13    72.99    82.46    87.46    47.41    17.46    89.05    43.08    77.5    28.32    51.75    75.06    26.91    4.0    26.57    20.0    78.24    18.44    26.31    82.62    27.02    25.61    23.32    56.64    23.32    87.66    41.4    74.24    12.81    2.83    74.67    77.79    21.26    88.2    20.25    41.18    24.41    26.08    87.92    20.59    75.5    3.16    79.7    2.83    6.0    20.0    90.44    84.77    56.73    58.0    2.0    999999    41.62    80.98
16.12    20.1    40.5    47.01    38.21    38.83    44.92    50.7    6.0    12.81    52.61    75.29    18.44    18.44    55.79    50.12    52.15    50.7    54.59    41.62    51.42    52.8    77.79    52.17    8.25    27.96    51.87    10.0    68.55    53.08    10.14    59.68    52.15    38.42    17.49    46.69    36.8    49.48    21.54    44.38    55.44    54.59    55.32    18.44    38.63    50.6    1.41    57.31    43.32    41.23    55.46    76.58    50.99    51.92    34.44    4.47    40.5    23.41    51.24    44.41    37.95    40.82    77.9    38.83    36.88    46.69    53.14    82.04    19.24    18.97    40.0    41.62    999999    57.34
72.41    76.33    79.03    37.19    83.58    78.6    31.57    29.81    63.11    51.09    72.46    42.38    42.15    74.01    78.68    13.48    69.01    29.81    12.04    80.98    28.64    9.09    37.81    27.49    61.92    77.5    33.74    66.8    27.48    68.69    54.6    15.33    69.01    80.2    70.37    69.69    52.6    74.16    75.45    36.03    73.14    73.47    76.93    42.15    91.03    32.95    56.1    12.82    72.83    82.53    9.26    42.1    73.26    30.61    86.01    61.74    93.03    77.44    31.77    67.04    33.7    78.29    41.91    78.6    79.88    69.69    34.56    42.85    40.8    43.15    80.56    80.98    57.34    999999
